   1.00000  0.00084  0.33320
   0.99431  0.00175  0.17568
   0.98332  0.00348  0.10553
   0.97020  0.00551  0.05134
   0.95620  0.00764  0.00867
   0.94195  0.00977 -0.02613
   0.92763  0.01185 -0.05890
   0.91328  0.01390 -0.08564
   0.89893  0.01591 -0.11169
   0.88457  0.01788 -0.13636
   0.87020  0.01980 -0.15832
   0.85583  0.02168 -0.18124
   0.84144  0.02352 -0.20105
   0.82706  0.02532 -0.22125
   0.81266  0.02708 -0.24071
   0.79827  0.02880 -0.26034
   0.78386  0.03048 -0.27867
   0.76946  0.03212 -0.29662
   0.75505  0.03371 -0.31531
   0.74063  0.03527 -0.33225
   0.72621  0.03678 -0.35093
   0.71179  0.03825 -0.36762
   0.69737  0.03968 -0.38550
   0.68294  0.04107 -0.40329
   0.66851  0.04242 -0.42037
   0.65408  0.04372 -0.43909
   0.63964  0.04498 -0.45537
   0.62521  0.04619 -0.47405
   0.61077  0.04736 -0.49193
   0.59634  0.04848 -0.50946
   0.58190  0.04956 -0.52860
   0.56746  0.05059 -0.54684
   0.55303  0.05157 -0.56617
   0.53859  0.05250 -0.58487
   0.52416  0.05338 -0.60564
   0.50973  0.05421 -0.62491
   0.49530  0.05498 -0.64634
   0.48088  0.05571 -0.66699
   0.46645  0.05637 -0.68953
   0.45204  0.05698 -0.71200
   0.43762  0.05754 -0.73601
   0.42322  0.05803 -0.76101
   0.40883  0.05846 -0.78834
   0.39448  0.05882 -0.82000
   0.38019  0.05909 -0.84936
   0.36592  0.05926 -0.87685
   0.35167  0.05934 -0.90478
   0.33742  0.05932 -0.93169
   0.32319  0.05919 -0.96023
   0.30897  0.05896 -0.98839
   0.29477  0.05862 -1.01673
   0.28059  0.05817 -1.04697
   0.26643  0.05760 -1.07717
   0.25229  0.05692 -1.10842
   0.23818  0.05611 -1.14208
   0.22410  0.05517 -1.17638
   0.21006  0.05410 -1.21282
   0.19605  0.05290 -1.25158
   0.18209  0.05154 -1.29325
   0.16819  0.05004 -1.33807
   0.15435  0.04838 -1.38759
   0.14058  0.04655 -1.44211
   0.12691  0.04455 -1.50341
   0.11335  0.04235 -1.57361
   0.09994  0.03996 -1.65475
   0.08671  0.03735 -1.75182
   0.07375  0.03451 -1.86997
   0.06116  0.03143 -2.01735
   0.04918  0.02815 -2.20591
   0.03821  0.02473 -2.45007
   0.02877  0.02135 -2.75987
   0.02122  0.01824 -3.13404
   0.01549  0.01548 -3.56708
   0.01117  0.01307 -4.05436
   0.00790  0.01093 -4.59482
   0.00539  0.00898 -5.19432
   0.00345  0.00714 -5.83255
   0.00198  0.00539 -6.45944
   0.00093  0.00367 -6.92620
   0.00028  0.00200 -6.95314
   0.00001  0.00038 -6.29188
   0.00010 -0.00119 -5.01730
   0.00060 -0.00281 -3.28290
   0.00152 -0.00440 -1.63023
   0.00288 -0.00594 -0.45298
   0.00469 -0.00743  0.27012
   0.00700 -0.00888  0.67864
   0.00992 -0.01033  0.89105
   0.01365 -0.01182  0.98263
   0.01850 -0.01337  0.99856
   0.02491 -0.01499  0.96617
   0.03325 -0.01664  0.90556
   0.04357 -0.01822  0.83422
   0.05543 -0.01959  0.76536
   0.06824 -0.02072  0.70508
   0.08160 -0.02161  0.65425
   0.09528 -0.02228  0.61137
   0.10918 -0.02278  0.57541
   0.12323 -0.02312  0.54479
   0.13740 -0.02334  0.51847
   0.15165 -0.02346  0.49581
   0.16596 -0.02348  0.47580
   0.18034 -0.02343  0.45840
   0.19476 -0.02331  0.44302
   0.20922 -0.02313  0.42877
   0.22371 -0.02291  0.41661
   0.23823 -0.02265  0.40511
   0.25277 -0.02236  0.39497
   0.26734 -0.02204  0.38537
   0.28193 -0.02170  0.37649
   0.29654 -0.02135  0.36864
   0.31116 -0.02098  0.36055
   0.32580 -0.02060  0.35335
   0.34045 -0.02022  0.34617
   0.35510 -0.01984  0.33953
   0.36975 -0.01946  0.33260
   0.38438 -0.01908  0.32568
   0.39900 -0.01871  0.31782
   0.41361 -0.01834  0.30958
   0.42820 -0.01795  0.30361
   0.44281 -0.01755  0.29752
   0.45742 -0.01713  0.29247
   0.47204 -0.01670  0.28696
   0.48666 -0.01626  0.28288
   0.50129 -0.01581  0.27794
   0.51592 -0.01535  0.27410
   0.53056 -0.01489  0.26982
   0.54521 -0.01442  0.26636
   0.55985 -0.01395  0.26223
   0.57451 -0.01347  0.25927
   0.58916 -0.01300  0.25523
   0.60382 -0.01252  0.25212
   0.61848 -0.01204  0.24873
   0.63314 -0.01157  0.24553
   0.64779 -0.01109  0.24231
   0.66244 -0.01062  0.23936
   0.67709 -0.01015  0.23590
   0.69174 -0.00969  0.23307
   0.70638 -0.00923  0.23060
   0.72103 -0.00877  0.22746
   0.73567 -0.00831  0.22406
   0.75031 -0.00786  0.22208
   0.76496 -0.00742  0.21898
   0.77960 -0.00698  0.21581
   0.79424 -0.00655  0.21345
   0.80889 -0.00612  0.21040
   0.82353 -0.00569  0.20865
   0.83817 -0.00527  0.20553
   0.85282 -0.00485  0.20353
   0.86747 -0.00444  0.20077
   0.88211 -0.00403  0.19966
   0.89676 -0.00363  0.19825
   0.91141 -0.00323  0.19608
   0.92606 -0.00283  0.19621
   0.94070 -0.00243  0.19577
   0.95528 -0.00204  0.19824
   0.96961 -0.00166  0.20413
   0.98303 -0.00130  0.21333
   0.99423 -0.00099  0.24105
   1.00000 -0.00084  0.33320
