 -10.000  -0.9218   0.00000  -0.00105  -0.0470   0.0000   0.0000
  -9.500  -0.8638   0.00000  -0.00102  -0.0473   0.0000   0.0000
  -9.000  -0.8056   0.00000  -0.00099  -0.0477   0.0000   0.0000
  -8.500  -0.7474   0.00000  -0.00096  -0.0481   0.0000   0.0000
  -8.000  -0.6892   0.00000  -0.00093  -0.0484   0.0000   0.0000
  -7.500  -0.6309   0.00000  -0.00091  -0.0488   0.0000   0.0000
  -7.000  -0.5725   0.00000  -0.00089  -0.0492   0.0000   0.0000
  -6.500  -0.5141   0.00000  -0.00087  -0.0496   0.0000   0.0000
  -6.000  -0.4557   0.00000  -0.00085  -0.0499   0.0000   0.0000
  -5.500  -0.3972   0.00000  -0.00083  -0.0503   0.0000   0.0000
  -5.000  -0.3387   0.00000  -0.00081  -0.0507   0.0000   0.0000
  -4.500  -0.2802   0.00000  -0.00080  -0.0511   0.0000   0.0000
  -4.000  -0.2217   0.00000  -0.00078  -0.0515   0.0000   0.0000
  -3.500  -0.1631   0.00000  -0.00077  -0.0520   0.0000   0.0000
  -3.000  -0.1045   0.00000  -0.00076  -0.0524   0.0000   0.0000
  -2.500  -0.0460   0.00000  -0.00075  -0.0528   0.0000   0.0000
  -2.000   0.0126   0.00000  -0.00074  -0.0532   0.0000   0.0000
  -1.500   0.0712   0.00000  -0.00074  -0.0536   0.0000   0.0000
  -1.000   0.1298   0.00000  -0.00073  -0.0541   0.0000   0.0000
  -0.500   0.1883   0.00000  -0.00073  -0.0545   0.0000   0.0000
   0.000   0.2469   0.00000  -0.00073  -0.0549   0.0000   0.0000
   0.500   0.3054   0.00000  -0.00073  -0.0554   0.0000   0.0000
   1.000   0.3639   0.00000  -0.00073  -0.0558   0.0000   0.0000
   1.500   0.4224   0.00000  -0.00074  -0.0563   0.0000   0.0000
   2.000   0.4808   0.00000  -0.00074  -0.0567   0.0000   0.0000
   2.500   0.5392   0.00000  -0.00075  -0.0572   0.0000   0.0000
   3.000   0.5976   0.00000  -0.00076  -0.0576   0.0000   0.0000
   3.500   0.6559   0.00000  -0.00077  -0.0581   0.0000   0.0000
   4.000   0.7142   0.00000  -0.00078  -0.0586   0.0000   0.0000
   4.500   0.7724   0.00000  -0.00080  -0.0590   0.0000   0.0000
   5.000   0.8306   0.00000  -0.00081  -0.0595   0.0000   0.0000
   5.500   0.8887   0.00000  -0.00083  -0.0600   0.0000   0.0000
   6.000   0.9467   0.00000  -0.00085  -0.0604   0.0000   0.0000
   6.500   1.0047   0.00000  -0.00087  -0.0609   0.0000   0.0000
   7.000   1.0625   0.00000  -0.00089  -0.0614   0.0000   0.0000
   7.500   1.1203   0.00000  -0.00092  -0.0618   0.0000   0.0000
   8.000   1.1780   0.00000  -0.00095  -0.0623   0.0000   0.0000
   8.500   1.2357   0.00000  -0.00097  -0.0628   0.0000   0.0000
   9.000   1.2932   0.00000  -0.00100  -0.0633   0.0000   0.0000
   9.500   1.3506   0.00000  -0.00103  -0.0637   0.0000   0.0000
  10.000   1.4080   0.00000  -0.00107  -0.0642   0.0000   0.0000
  10.500   1.4652   0.00000  -0.00110  -0.0647   0.0000   0.0000
  11.000   1.5223   0.00000  -0.00114  -0.0652   0.0000   0.0000
  11.500   1.5793   0.00000  -0.00117  -0.0657   0.0000   0.0000
  12.000   1.6362   0.00000  -0.00121  -0.0661   0.0000   0.0000
  12.500   1.6929   0.00000  -0.00125  -0.0666   0.0000   0.0000
  13.000   1.7495   0.00000  -0.00130  -0.0671   0.0000   0.0000
  13.500   1.8060   0.00000  -0.00134  -0.0676   0.0000   0.0000
  14.000   1.8624   0.00000  -0.00138  -0.0681   0.0000   0.0000
  14.500   1.9186   0.00000  -0.00143  -0.0685   0.0000   0.0000
  15.000   1.9747   0.00000  -0.00148  -0.0690   0.0000   0.0000
